2021/11/25-16:07:50.858176 10e48fe00 RocksDB version: 6.17.3
2021/11/25-16:07:50.858657 10e48fe00 Git sha rocksdb_build_git_sha:@09c7e96eac1ab983f97ce9e0406730b8014b3398@
2021/11/25-16:07:50.858660 10e48fe00 Compile date Oct 27 2021
2021/11/25-16:07:50.858687 10e48fe00 DB SUMMARY
2021/11/25-16:07:50.858691 10e48fe00 DB Session ID:  NMNSLC08LVOUNIM06OCQ
2021/11/25-16:07:50.858731 10e48fe00 SST files in .anchor/test-ledger/rocksdb dir, Total Num: 0, files: 
2021/11/25-16:07:50.858734 10e48fe00 Write Ahead Log file in .anchor/test-ledger/rocksdb: 
2021/11/25-16:07:50.858736 10e48fe00                         Options.error_if_exists: 0
2021/11/25-16:07:50.858737 10e48fe00                       Options.create_if_missing: 1
2021/11/25-16:07:50.858738 10e48fe00                         Options.paranoid_checks: 1
2021/11/25-16:07:50.858739 10e48fe00                               Options.track_and_verify_wals_in_manifest: 0
2021/11/25-16:07:50.858740 10e48fe00                                     Options.env: 0x10b142108
2021/11/25-16:07:50.858741 10e48fe00                                      Options.fs: Posix File System
2021/11/25-16:07:50.858742 10e48fe00                                Options.info_log: 0x7fc511f0dbb0
2021/11/25-16:07:50.858743 10e48fe00                Options.max_file_opening_threads: 16
2021/11/25-16:07:50.858744 10e48fe00                              Options.statistics: 0x0
2021/11/25-16:07:50.858745 10e48fe00                               Options.use_fsync: 0
2021/11/25-16:07:50.858746 10e48fe00                       Options.max_log_file_size: 0
2021/11/25-16:07:50.858747 10e48fe00                  Options.max_manifest_file_size: 1073741824
2021/11/25-16:07:50.858748 10e48fe00                   Options.log_file_time_to_roll: 0
2021/11/25-16:07:50.858749 10e48fe00                       Options.keep_log_file_num: 1000
2021/11/25-16:07:50.858750 10e48fe00                    Options.recycle_log_file_num: 0
2021/11/25-16:07:50.858751 10e48fe00                         Options.allow_fallocate: 1
2021/11/25-16:07:50.858752 10e48fe00                        Options.allow_mmap_reads: 0
2021/11/25-16:07:50.858753 10e48fe00                       Options.allow_mmap_writes: 0
2021/11/25-16:07:50.858753 10e48fe00                        Options.use_direct_reads: 0
2021/11/25-16:07:50.858754 10e48fe00                        Options.use_direct_io_for_flush_and_compaction: 0
2021/11/25-16:07:50.858755 10e48fe00          Options.create_missing_column_families: 1
2021/11/25-16:07:50.858756 10e48fe00                              Options.db_log_dir: 
2021/11/25-16:07:50.858757 10e48fe00                                 Options.wal_dir: .anchor/test-ledger/rocksdb
2021/11/25-16:07:50.858758 10e48fe00                Options.table_cache_numshardbits: 6
2021/11/25-16:07:50.858759 10e48fe00                         Options.WAL_ttl_seconds: 0
2021/11/25-16:07:50.858760 10e48fe00                       Options.WAL_size_limit_MB: 0
2021/11/25-16:07:50.858761 10e48fe00                        Options.max_write_batch_group_size_bytes: 1048576
2021/11/25-16:07:50.858762 10e48fe00             Options.manifest_preallocation_size: 4194304
2021/11/25-16:07:50.858763 10e48fe00                     Options.is_fd_close_on_exec: 1
2021/11/25-16:07:50.858764 10e48fe00                   Options.advise_random_on_open: 1
2021/11/25-16:07:50.858764 10e48fe00                    Options.db_write_buffer_size: 0
2021/11/25-16:07:50.858765 10e48fe00                    Options.write_buffer_manager: 0x7fc511f0da80
2021/11/25-16:07:50.858766 10e48fe00         Options.access_hint_on_compaction_start: 1
2021/11/25-16:07:50.858767 10e48fe00  Options.new_table_reader_for_compaction_inputs: 0
2021/11/25-16:07:50.858768 10e48fe00           Options.random_access_max_buffer_size: 1048576
2021/11/25-16:07:50.858769 10e48fe00                      Options.use_adaptive_mutex: 0
2021/11/25-16:07:50.858770 10e48fe00                            Options.rate_limiter: 0x0
2021/11/25-16:07:50.858771 10e48fe00     Options.sst_file_manager.rate_bytes_per_sec: 0
2021/11/25-16:07:50.858772 10e48fe00                       Options.wal_recovery_mode: 2
2021/11/25-16:07:50.858773 10e48fe00                  Options.enable_thread_tracking: 0
2021/11/25-16:07:50.858799 10e48fe00                  Options.enable_pipelined_write: 0
2021/11/25-16:07:50.858800 10e48fe00                  Options.unordered_write: 0
2021/11/25-16:07:50.858801 10e48fe00         Options.allow_concurrent_memtable_write: 1
2021/11/25-16:07:50.858802 10e48fe00      Options.enable_write_thread_adaptive_yield: 1
2021/11/25-16:07:50.858803 10e48fe00             Options.write_thread_max_yield_usec: 100
2021/11/25-16:07:50.858804 10e48fe00            Options.write_thread_slow_yield_usec: 3
2021/11/25-16:07:50.858805 10e48fe00                               Options.row_cache: None
2021/11/25-16:07:50.858806 10e48fe00                              Options.wal_filter: None
2021/11/25-16:07:50.858807 10e48fe00             Options.avoid_flush_during_recovery: 0
2021/11/25-16:07:50.858807 10e48fe00             Options.allow_ingest_behind: 0
2021/11/25-16:07:50.858808 10e48fe00             Options.preserve_deletes: 0
2021/11/25-16:07:50.858809 10e48fe00             Options.two_write_queues: 0
2021/11/25-16:07:50.858810 10e48fe00             Options.manual_wal_flush: 0
2021/11/25-16:07:50.858811 10e48fe00             Options.atomic_flush: 0
2021/11/25-16:07:50.858812 10e48fe00             Options.avoid_unnecessary_blocking_io: 0
2021/11/25-16:07:50.858813 10e48fe00                 Options.persist_stats_to_disk: 0
2021/11/25-16:07:50.858814 10e48fe00                 Options.write_dbid_to_manifest: 0
2021/11/25-16:07:50.858815 10e48fe00                 Options.log_readahead_size: 0
2021/11/25-16:07:50.858816 10e48fe00                 Options.file_checksum_gen_factory: Unknown
2021/11/25-16:07:50.858817 10e48fe00                 Options.best_efforts_recovery: 0
2021/11/25-16:07:50.858817 10e48fe00                Options.max_bgerror_resume_count: 2147483647
2021/11/25-16:07:50.858818 10e48fe00            Options.bgerror_resume_retry_interval: 1000000
2021/11/25-16:07:50.858819 10e48fe00             Options.allow_data_in_errors: 0
2021/11/25-16:07:50.858820 10e48fe00             Options.db_host_id: __hostname__
2021/11/25-16:07:50.858821 10e48fe00             Options.max_background_jobs: 8
2021/11/25-16:07:50.858822 10e48fe00             Options.max_background_compactions: -1
2021/11/25-16:07:50.858823 10e48fe00             Options.max_subcompactions: 1
2021/11/25-16:07:50.858824 10e48fe00             Options.avoid_flush_during_shutdown: 0
2021/11/25-16:07:50.858825 10e48fe00           Options.writable_file_max_buffer_size: 1048576
2021/11/25-16:07:50.858826 10e48fe00             Options.delayed_write_rate : 16777216
2021/11/25-16:07:50.858827 10e48fe00             Options.max_total_wal_size: 4294967296
2021/11/25-16:07:50.858828 10e48fe00             Options.delete_obsolete_files_period_micros: 21600000000
2021/11/25-16:07:50.858829 10e48fe00                   Options.stats_dump_period_sec: 600
2021/11/25-16:07:50.858830 10e48fe00                 Options.stats_persist_period_sec: 600
2021/11/25-16:07:50.858831 10e48fe00                 Options.stats_history_buffer_size: 1048576
2021/11/25-16:07:50.858832 10e48fe00                          Options.max_open_files: -1
2021/11/25-16:07:50.858832 10e48fe00                          Options.bytes_per_sync: 0
2021/11/25-16:07:50.858833 10e48fe00                      Options.wal_bytes_per_sync: 0
2021/11/25-16:07:50.858834 10e48fe00                   Options.strict_bytes_per_sync: 0
2021/11/25-16:07:50.858835 10e48fe00       Options.compaction_readahead_size: 0
2021/11/25-16:07:50.858836 10e48fe00                  Options.max_background_flushes: -1
2021/11/25-16:07:50.858837 10e48fe00 Compression algorithms supported:
2021/11/25-16:07:50.858838 10e48fe00 	kZSTD supported: 0
2021/11/25-16:07:50.858839 10e48fe00 	kZlibCompression supported: 0
2021/11/25-16:07:50.858840 10e48fe00 	kXpressCompression supported: 0
2021/11/25-16:07:50.858841 10e48fe00 	kSnappyCompression supported: 0
2021/11/25-16:07:50.858842 10e48fe00 	kZSTDNotFinalCompression supported: 0
2021/11/25-16:07:50.858843 10e48fe00 	kLZ4HCCompression supported: 1
2021/11/25-16:07:50.858859 10e48fe00 	kLZ4Compression supported: 1
2021/11/25-16:07:50.858860 10e48fe00 	kBZip2Compression supported: 0
2021/11/25-16:07:50.858862 10e48fe00 Fast CRC32 supported: Supported on x86
2021/11/25-16:07:50.859309 10e48fe00 [db/db_impl/db_impl_open.cc:283] Creating manifest 1 
2021/11/25-16:07:50.859852 10e48fe00 [db/version_set.cc:4757] Recovering from manifest file: .anchor/test-ledger/rocksdb/MANIFEST-000001
2021/11/25-16:07:50.859929 10e48fe00 [db/column_family.cc:597] --------------- Options for column family [default]:
2021/11/25-16:07:50.859933 10e48fe00               Options.comparator: leveldb.BytewiseComparator
2021/11/25-16:07:50.859935 10e48fe00           Options.merge_operator: None
2021/11/25-16:07:50.859936 10e48fe00        Options.compaction_filter: None
2021/11/25-16:07:50.859936 10e48fe00        Options.compaction_filter_factory: None
2021/11/25-16:07:50.859937 10e48fe00  Options.sst_partitioner_factory: None
2021/11/25-16:07:50.859938 10e48fe00         Options.memtable_factory: SkipListFactory
2021/11/25-16:07:50.859939 10e48fe00            Options.table_factory: BlockBasedTable
2021/11/25-16:07:50.859958 10e48fe00            table_factory options:   flush_block_policy_factory: FlushBlockBySizePolicyFactory (0x7fc511f0b520)
  cache_index_and_filter_blocks: 0
  cache_index_and_filter_blocks_with_high_priority: 1
  pin_l0_filter_and_index_blocks_in_cache: 0
  pin_top_level_index_and_filter: 1
  index_type: 0
  data_block_index_type: 0
  index_shortening: 1
  data_block_hash_table_util_ratio: 0.750000
  hash_index_allow_collision: 1
  checksum: 1
  no_block_cache: 0
  block_cache: 0x7fc511f0c918
  block_cache_name: LRUCache
  block_cache_options:
    capacity : 8388608
    num_shard_bits : 4
    strict_capacity_limit : 0
    memory_allocator : None
    high_pri_pool_ratio: 0.000
  block_cache_compressed: 0x0
  persistent_cache: 0x0
  block_size: 4096
  block_size_deviation: 10
  block_restart_interval: 16
  index_block_restart_interval: 1
  metadata_block_size: 4096
  partition_filters: 0
  use_delta_encoding: 1
  filter_policy: nullptr
  whole_key_filtering: 1
  verify_compression: 0
  read_amp_bytes_per_bit: 0
  format_version: 4
  enable_index_compression: 1
  block_align: 0
2021/11/25-16:07:50.859960 10e48fe00        Options.write_buffer_size: 67108864
2021/11/25-16:07:50.859961 10e48fe00  Options.max_write_buffer_number: 2
2021/11/25-16:07:50.859964 10e48fe00          Options.compression: NoCompression
2021/11/25-16:07:50.859965 10e48fe00                  Options.bottommost_compression: Disabled
2021/11/25-16:07:50.859966 10e48fe00       Options.prefix_extractor: nullptr
2021/11/25-16:07:50.859967 10e48fe00   Options.memtable_insert_with_hint_prefix_extractor: nullptr
2021/11/25-16:07:50.859968 10e48fe00             Options.num_levels: 7
2021/11/25-16:07:50.859969 10e48fe00        Options.min_write_buffer_number_to_merge: 1
2021/11/25-16:07:50.859970 10e48fe00     Options.max_write_buffer_number_to_maintain: 0
2021/11/25-16:07:50.859971 10e48fe00     Options.max_write_buffer_size_to_maintain: 0
2021/11/25-16:07:50.859972 10e48fe00            Options.bottommost_compression_opts.window_bits: -14
2021/11/25-16:07:50.859973 10e48fe00                  Options.bottommost_compression_opts.level: 32767
2021/11/25-16:07:50.859974 10e48fe00               Options.bottommost_compression_opts.strategy: 0
2021/11/25-16:07:50.859975 10e48fe00         Options.bottommost_compression_opts.max_dict_bytes: 0
2021/11/25-16:07:50.859976 10e48fe00         Options.bottommost_compression_opts.zstd_max_train_bytes: 0
2021/11/25-16:07:50.859977 10e48fe00         Options.bottommost_compression_opts.parallel_threads: 1
2021/11/25-16:07:50.859977 10e48fe00                  Options.bottommost_compression_opts.enabled: false
2021/11/25-16:07:50.859978 10e48fe00            Options.compression_opts.window_bits: -14
2021/11/25-16:07:50.859979 10e48fe00                  Options.compression_opts.level: 32767
2021/11/25-16:07:50.859980 10e48fe00               Options.compression_opts.strategy: 0
2021/11/25-16:07:50.860003 10e48fe00         Options.compression_opts.max_dict_bytes: 0
2021/11/25-16:07:50.860005 10e48fe00         Options.compression_opts.zstd_max_train_bytes: 0
2021/11/25-16:07:50.860005 10e48fe00         Options.compression_opts.parallel_threads: 1
2021/11/25-16:07:50.860006 10e48fe00                  Options.compression_opts.enabled: false
2021/11/25-16:07:50.860007 10e48fe00      Options.level0_file_num_compaction_trigger: 4
2021/11/25-16:07:50.860008 10e48fe00          Options.level0_slowdown_writes_trigger: 20
2021/11/25-16:07:50.860009 10e48fe00              Options.level0_stop_writes_trigger: 36
2021/11/25-16:07:50.860010 10e48fe00                   Options.target_file_size_base: 67108864
2021/11/25-16:07:50.860011 10e48fe00             Options.target_file_size_multiplier: 1
2021/11/25-16:07:50.860012 10e48fe00                Options.max_bytes_for_level_base: 268435456
2021/11/25-16:07:50.860013 10e48fe00 Options.level_compaction_dynamic_level_bytes: 0
2021/11/25-16:07:50.860014 10e48fe00          Options.max_bytes_for_level_multiplier: 10.000000
2021/11/25-16:07:50.860015 10e48fe00 Options.max_bytes_for_level_multiplier_addtl[0]: 1
2021/11/25-16:07:50.860016 10e48fe00 Options.max_bytes_for_level_multiplier_addtl[1]: 1
2021/11/25-16:07:50.860017 10e48fe00 Options.max_bytes_for_level_multiplier_addtl[2]: 1
2021/11/25-16:07:50.860018 10e48fe00 Options.max_bytes_for_level_multiplier_addtl[3]: 1
2021/11/25-16:07:50.860019 10e48fe00 Options.max_bytes_for_level_multiplier_addtl[4]: 1
2021/11/25-16:07:50.860020 10e48fe00 Options.max_bytes_for_level_multiplier_addtl[5]: 1
2021/11/25-16:07:50.860020 10e48fe00 Options.max_bytes_for_level_multiplier_addtl[6]: 1
2021/11/25-16:07:50.860021 10e48fe00       Options.max_sequential_skip_in_iterations: 8
2021/11/25-16:07:50.860022 10e48fe00                    Options.max_compaction_bytes: 1677721600
2021/11/25-16:07:50.860023 10e48fe00                        Options.arena_block_size: 8388608
2021/11/25-16:07:50.860024 10e48fe00   Options.soft_pending_compaction_bytes_limit: 68719476736
2021/11/25-16:07:50.860025 10e48fe00   Options.hard_pending_compaction_bytes_limit: 274877906944
2021/11/25-16:07:50.860026 10e48fe00       Options.rate_limit_delay_max_milliseconds: 100
2021/11/25-16:07:50.860027 10e48fe00                Options.disable_auto_compactions: 0
2021/11/25-16:07:50.860028 10e48fe00                        Options.compaction_style: kCompactionStyleLevel
2021/11/25-16:07:50.860029 10e48fe00                          Options.compaction_pri: kMinOverlappingRatio
2021/11/25-16:07:50.860030 10e48fe00 Options.compaction_options_universal.size_ratio: 1
2021/11/25-16:07:50.860031 10e48fe00 Options.compaction_options_universal.min_merge_width: 2
2021/11/25-16:07:50.860032 10e48fe00 Options.compaction_options_universal.max_merge_width: 4294967295
2021/11/25-16:07:50.860033 10e48fe00 Options.compaction_options_universal.max_size_amplification_percent: 200
2021/11/25-16:07:50.860034 10e48fe00 Options.compaction_options_universal.compression_size_percent: -1
2021/11/25-16:07:50.860035 10e48fe00 Options.compaction_options_universal.stop_style: kCompactionStopStyleTotalSize
2021/11/25-16:07:50.860036 10e48fe00 Options.compaction_options_fifo.max_table_files_size: 1073741824
2021/11/25-16:07:50.860037 10e48fe00 Options.compaction_options_fifo.allow_compaction: 0
2021/11/25-16:07:50.860043 10e48fe00                   Options.table_properties_collectors: 
2021/11/25-16:07:50.860044 10e48fe00                   Options.inplace_update_support: 0
2021/11/25-16:07:50.860045 10e48fe00                 Options.inplace_update_num_locks: 10000
2021/11/25-16:07:50.860046 10e48fe00               Options.memtable_prefix_bloom_size_ratio: 0.000000
2021/11/25-16:07:50.860047 10e48fe00               Options.memtable_whole_key_filtering: 0
2021/11/25-16:07:50.860048 10e48fe00   Options.memtable_huge_page_size: 0
2021/11/25-16:07:50.860049 10e48fe00                           Options.bloom_locality: 0
2021/11/25-16:07:50.860049 10e48fe00                    Options.max_successive_merges: 0
2021/11/25-16:07:50.860065 10e48fe00                Options.optimize_filters_for_hits: 0
2021/11/25-16:07:50.860066 10e48fe00                Options.paranoid_file_checks: 0
2021/11/25-16:07:50.860067 10e48fe00                Options.force_consistency_checks: 1
2021/11/25-16:07:50.860068 10e48fe00                Options.report_bg_io_stats: 0
2021/11/25-16:07:50.860069 10e48fe00                               Options.ttl: 2592000
2021/11/25-16:07:50.860070 10e48fe00          Options.periodic_compaction_seconds: 0
2021/11/25-16:07:50.860070 10e48fe00                    Options.enable_blob_files: false
2021/11/25-16:07:50.860071 10e48fe00                        Options.min_blob_size: 0
2021/11/25-16:07:50.860072 10e48fe00                       Options.blob_file_size: 268435456
2021/11/25-16:07:50.860073 10e48fe00                Options.blob_compression_type: NoCompression
2021/11/25-16:07:50.860074 10e48fe00       Options.enable_blob_garbage_collection: false
2021/11/25-16:07:50.860075 10e48fe00   Options.blob_garbage_collection_age_cutoff: 0.250000
2021/11/25-16:07:50.860798 10e48fe00 [db/version_set.cc:4805] Recovered from manifest file:.anchor/test-ledger/rocksdb/MANIFEST-000001 succeeded,manifest_file_number is 1, next_file_number is 3, last_sequence is 0, log_number is 0,prev_log_number is 0,max_column_family is 0,min_log_number_to_keep is 0
2021/11/25-16:07:50.860803 10e48fe00 [db/version_set.cc:4814] Column family [default] (ID 0), log number is 0
2021/11/25-16:07:50.860936 10e48fe00 [db/version_set.cc:4111] Creating manifest 3
2021/11/25-16:07:50.861720 10e48fe00 [db/column_family.cc:597] --------------- Options for column family [meta]:
2021/11/25-16:07:50.861724 10e48fe00               Options.comparator: leveldb.BytewiseComparator
2021/11/25-16:07:50.861726 10e48fe00           Options.merge_operator: None
2021/11/25-16:07:50.861727 10e48fe00        Options.compaction_filter: None
2021/11/25-16:07:50.861730 10e48fe00        Options.compaction_filter_factory: purged_slot_filter_factory(meta)
2021/11/25-16:07:50.861731 10e48fe00  Options.sst_partitioner_factory: None
2021/11/25-16:07:50.861732 10e48fe00         Options.memtable_factory: SkipListFactory
2021/11/25-16:07:50.861733 10e48fe00            Options.table_factory: BlockBasedTable
2021/11/25-16:07:50.861751 10e48fe00            table_factory options:   flush_block_policy_factory: FlushBlockBySizePolicyFactory (0x7fc511d18b50)
  cache_index_and_filter_blocks: 0
  cache_index_and_filter_blocks_with_high_priority: 1
  pin_l0_filter_and_index_blocks_in_cache: 0
  pin_top_level_index_and_filter: 1
  index_type: 0
  data_block_index_type: 0
  index_shortening: 1
  data_block_hash_table_util_ratio: 0.750000
  hash_index_allow_collision: 1
  checksum: 1
  no_block_cache: 0
  block_cache: 0x7fc511d18b98
  block_cache_name: LRUCache
  block_cache_options:
    capacity : 8388608
    num_shard_bits : 4
    strict_capacity_limit : 0
    memory_allocator : None
    high_pri_pool_ratio: 0.000
  block_cache_compressed: 0x0
  persistent_cache: 0x0
  block_size: 4096
  block_size_deviation: 10
  block_restart_interval: 16
  index_block_restart_interval: 1
  metadata_block_size: 4096
  partition_filters: 0
  use_delta_encoding: 1
  filter_policy: nullptr
  whole_key_filtering: 1
  verify_compression: 0
  read_amp_bytes_per_bit: 0
  format_version: 4
  enable_index_compression: 1
  block_align: 0
2021/11/25-16:07:50.861755 10e48fe00        Options.write_buffer_size: 268435456
2021/11/25-16:07:50.861758 10e48fe00  Options.max_write_buffer_number: 8
2021/11/25-16:07:50.861759 10e48fe00          Options.compression: NoCompression
2021/11/25-16:07:50.861760 10e48fe00                  Options.bottommost_compression: Disabled
2021/11/25-16:07:50.861761 10e48fe00       Options.prefix_extractor: nullptr
2021/11/25-16:07:50.861762 10e48fe00   Options.memtable_insert_with_hint_prefix_extractor: nullptr
2021/11/25-16:07:50.861763 10e48fe00             Options.num_levels: 7
2021/11/25-16:07:50.861764 10e48fe00        Options.min_write_buffer_number_to_merge: 1
2021/11/25-16:07:50.861764 10e48fe00     Options.max_write_buffer_number_to_maintain: 0
2021/11/25-16:07:50.861765 10e48fe00     Options.max_write_buffer_size_to_maintain: 0
2021/11/25-16:07:50.861766 10e48fe00            Options.bottommost_compression_opts.window_bits: -14
2021/11/25-16:07:50.861767 10e48fe00                  Options.bottommost_compression_opts.level: 32767
2021/11/25-16:07:50.861768 10e48fe00               Options.bottommost_compression_opts.strategy: 0
2021/11/25-16:07:50.861769 10e48fe00         Options.bottommost_compression_opts.max_dict_bytes: 0
2021/11/25-16:07:50.861770 10e48fe00         Options.bottommost_compression_opts.zstd_max_train_bytes: 0
2021/11/25-16:07:50.861771 10e48fe00         Options.bottommost_compression_opts.parallel_threads: 1
2021/11/25-16:07:50.861772 10e48fe00                  Options.bottommost_compression_opts.enabled: false
2021/11/25-16:07:50.861773 10e48fe00            Options.compression_opts.window_bits: -14
2021/11/25-16:07:50.861774 10e48fe00                  Options.compression_opts.level: 32767
2021/11/25-16:07:50.861784 10e48fe00               Options.compression_opts.strategy: 0
2021/11/25-16:07:50.861785 10e48fe00         Options.compression_opts.max_dict_bytes: 0
2021/11/25-16:07:50.861786 10e48fe00         Options.compression_opts.zstd_max_train_bytes: 0
2021/11/25-16:07:50.861787 10e48fe00         Options.compression_opts.parallel_threads: 1
2021/11/25-16:07:50.861788 10e48fe00                  Options.compression_opts.enabled: false
2021/11/25-16:07:50.861789 10e48fe00      Options.level0_file_num_compaction_trigger: 4
2021/11/25-16:07:50.861812 10e48fe00          Options.level0_slowdown_writes_trigger: 20
2021/11/25-16:07:50.861814 10e48fe00              Options.level0_stop_writes_trigger: 36
2021/11/25-16:07:50.861815 10e48fe00                   Options.target_file_size_base: 107374182
2021/11/25-16:07:50.861816 10e48fe00             Options.target_file_size_multiplier: 1
2021/11/25-16:07:50.861817 10e48fe00                Options.max_bytes_for_level_base: 1073741824
2021/11/25-16:07:50.861818 10e48fe00 Options.level_compaction_dynamic_level_bytes: 0
2021/11/25-16:07:50.861819 10e48fe00          Options.max_bytes_for_level_multiplier: 10.000000
2021/11/25-16:07:50.861820 10e48fe00 Options.max_bytes_for_level_multiplier_addtl[0]: 1
2021/11/25-16:07:50.861821 10e48fe00 Options.max_bytes_for_level_multiplier_addtl[1]: 1
2021/11/25-16:07:50.861822 10e48fe00 Options.max_bytes_for_level_multiplier_addtl[2]: 1
2021/11/25-16:07:50.861823 10e48fe00 Options.max_bytes_for_level_multiplier_addtl[3]: 1
2021/11/25-16:07:50.861824 10e48fe00 Options.max_bytes_for_level_multiplier_addtl[4]: 1
2021/11/25-16:07:50.861825 10e48fe00 Options.max_bytes_for_level_multiplier_addtl[5]: 1
2021/11/25-16:07:50.861826 10e48fe00 Options.max_bytes_for_level_multiplier_addtl[6]: 1
2021/11/25-16:07:50.861827 10e48fe00       Options.max_sequential_skip_in_iterations: 8
2021/11/25-16:07:50.861828 10e48fe00                    Options.max_compaction_bytes: 2684354550
2021/11/25-16:07:50.861829 10e48fe00                        Options.arena_block_size: 33554432
2021/11/25-16:07:50.861830 10e48fe00   Options.soft_pending_compaction_bytes_limit: 68719476736
2021/11/25-16:07:50.861831 10e48fe00   Options.hard_pending_compaction_bytes_limit: 274877906944
2021/11/25-16:07:50.861832 10e48fe00       Options.rate_limit_delay_max_milliseconds: 100
2021/11/25-16:07:50.861833 10e48fe00                Options.disable_auto_compactions: 0
2021/11/25-16:07:50.861834 10e48fe00                        Options.compaction_style: kCompactionStyleLevel
2021/11/25-16:07:50.861835 10e48fe00                          Options.compaction_pri: kMinOverlappingRatio
2021/11/25-16:07:50.861836 10e48fe00 Options.compaction_options_universal.size_ratio: 1
2021/11/25-16:07:50.861837 10e48fe00 Options.compaction_options_universal.min_merge_width: 2
2021/11/25-16:07:50.861838 10e48fe00 Options.compaction_options_universal.max_merge_width: 4294967295
2021/11/25-16:07:50.861839 10e48fe00 Options.compaction_options_universal.max_size_amplification_percent: 200
2021/11/25-16:07:50.861840 10e48fe00 Options.compaction_options_universal.compression_size_percent: -1
2021/11/25-16:07:50.861842 10e48fe00 Options.compaction_options_universal.stop_style: kCompactionStopStyleTotalSize
2021/11/25-16:07:50.861843 10e48fe00 Options.compaction_options_fifo.max_table_files_size: 1073741824
2021/11/25-16:07:50.861844 10e48fe00 Options.compaction_options_fifo.allow_compaction: 0
2021/11/25-16:07:50.861846 10e48fe00                   Options.table_properties_collectors: 
2021/11/25-16:07:50.861847 10e48fe00                   Options.inplace_update_support: 0
2021/11/25-16:07:50.861848 10e48fe00                 Options.inplace_update_num_locks: 10000
2021/11/25-16:07:50.861849 10e48fe00               Options.memtable_prefix_bloom_size_ratio: 0.000000
2021/11/25-16:07:50.861850 10e48fe00               Options.memtable_whole_key_filtering: 0
2021/11/25-16:07:50.861851 10e48fe00   Options.memtable_huge_page_size: 0
2021/11/25-16:07:50.861852 10e48fe00                           Options.bloom_locality: 0
2021/11/25-16:07:50.861853 10e48fe00                    Options.max_successive_merges: 0
2021/11/25-16:07:50.861854 10e48fe00                Options.optimize_filters_for_hits: 0
2021/11/25-16:07:50.861854 10e48fe00                Options.paranoid_file_checks: 0
2021/11/25-16:07:50.861855 10e48fe00                Options.force_consistency_checks: 1
2021/11/25-16:07:50.861856 10e48fe00                Options.report_bg_io_stats: 0
2021/11/25-16:07:50.861857 10e48fe00                               Options.ttl: 2592000
2021/11/25-16:07:50.861872 10e48fe00          Options.periodic_compaction_seconds: 2592000
2021/11/25-16:07:50.861874 10e48fe00                    Options.enable_blob_files: false
2021/11/25-16:07:50.861875 10e48fe00                        Options.min_blob_size: 0
2021/11/25-16:07:50.861876 10e48fe00                       Options.blob_file_size: 268435456
2021/11/25-16:07:50.861877 10e48fe00                Options.blob_compression_type: NoCompression
2021/11/25-16:07:50.861878 10e48fe00       Options.enable_blob_garbage_collection: false
2021/11/25-16:07:50.861879 10e48fe00   Options.blob_garbage_collection_age_cutoff: 0.250000
2021/11/25-16:07:50.861928 10e48fe00 [db/db_impl/db_impl.cc:2658] Created column family [meta] (ID 1)
2021/11/25-16:07:50.863903 10e48fe00 [db/column_family.cc:597] --------------- Options for column family [dead_slots]:
2021/11/25-16:07:50.863907 10e48fe00               Options.comparator: leveldb.BytewiseComparator
2021/11/25-16:07:50.863909 10e48fe00           Options.merge_operator: None
2021/11/25-16:07:50.863910 10e48fe00        Options.compaction_filter: None
2021/11/25-16:07:50.863911 10e48fe00        Options.compaction_filter_factory: purged_slot_filter_factory(dead_slots)
2021/11/25-16:07:50.863912 10e48fe00  Options.sst_partitioner_factory: None
2021/11/25-16:07:50.863913 10e48fe00         Options.memtable_factory: SkipListFactory
2021/11/25-16:07:50.863914 10e48fe00            Options.table_factory: BlockBasedTable
2021/11/25-16:07:50.863929 10e48fe00            table_factory options:   flush_block_policy_factory: FlushBlockBySizePolicyFactory (0x7fc511c10db0)
  cache_index_and_filter_blocks: 0
  cache_index_and_filter_blocks_with_high_priority: 1
  pin_l0_filter_and_index_blocks_in_cache: 0
  pin_top_level_index_and_filter: 1
  index_type: 0
  data_block_index_type: 0
  index_shortening: 1
  data_block_hash_table_util_ratio: 0.750000
  hash_index_allow_collision: 1
  checksum: 1
  no_block_cache: 0
  block_cache: 0x7fc511c10df8
  block_cache_name: LRUCache
  block_cache_options:
    capacity : 8388608
    num_shard_bits : 4
    strict_capacity_limit : 0
    memory_allocator : None
    high_pri_pool_ratio: 0.000
  block_cache_compressed: 0x0
  persistent_cache: 0x0
  block_size: 4096
  block_size_deviation: 10
  block_restart_interval: 16
  index_block_restart_interval: 1
  metadata_block_size: 4096
  partition_filters: 0
  use_delta_encoding: 1
  filter_policy: nullptr
  whole_key_filtering: 1
  verify_compression: 0
  read_amp_bytes_per_bit: 0
  format_version: 4
  enable_index_compression: 1
  block_align: 0
2021/11/25-16:07:50.863932 10e48fe00        Options.write_buffer_size: 268435456
2021/11/25-16:07:50.863933 10e48fe00  Options.max_write_buffer_number: 8
2021/11/25-16:07:50.863934 10e48fe00          Options.compression: NoCompression
2021/11/25-16:07:50.863935 10e48fe00                  Options.bottommost_compression: Disabled
2021/11/25-16:07:50.863936 10e48fe00       Options.prefix_extractor: nullptr
2021/11/25-16:07:50.863937 10e48fe00   Options.memtable_insert_with_hint_prefix_extractor: nullptr
2021/11/25-16:07:50.863937 10e48fe00             Options.num_levels: 7
2021/11/25-16:07:50.863938 10e48fe00        Options.min_write_buffer_number_to_merge: 1
2021/11/25-16:07:50.863939 10e48fe00     Options.max_write_buffer_number_to_maintain: 0
2021/11/25-16:07:50.863940 10e48fe00     Options.max_write_buffer_size_to_maintain: 0
2021/11/25-16:07:50.863941 10e48fe00            Options.bottommost_compression_opts.window_bits: -14
2021/11/25-16:07:50.863942 10e48fe00                  Options.bottommost_compression_opts.level: 32767
2021/11/25-16:07:50.863943 10e48fe00               Options.bottommost_compression_opts.strategy: 0
2021/11/25-16:07:50.863944 10e48fe00         Options.bottommost_compression_opts.max_dict_bytes: 0
2021/11/25-16:07:50.863945 10e48fe00         Options.bottommost_compression_opts.zstd_max_train_bytes: 0
2021/11/25-16:07:50.863946 10e48fe00         Options.bottommost_compression_opts.parallel_threads: 1
2021/11/25-16:07:50.863947 10e48fe00                  Options.bottommost_compression_opts.enabled: false
2021/11/25-16:07:50.863948 10e48fe00            Options.compression_opts.window_bits: -14
2021/11/25-16:07:50.863949 10e48fe00                  Options.compression_opts.level: 32767
2021/11/25-16:07:50.863949 10e48fe00               Options.compression_opts.strategy: 0
2021/11/25-16:07:50.863950 10e48fe00         Options.compression_opts.max_dict_bytes: 0
2021/11/25-16:07:50.863951 10e48fe00         Options.compression_opts.zstd_max_train_bytes: 0
2021/11/25-16:07:50.863952 10e48fe00         Options.compression_opts.parallel_threads: 1
2021/11/25-16:07:50.863953 10e48fe00                  Options.compression_opts.enabled: false
2021/11/25-16:07:50.863954 10e48fe00      Options.level0_file_num_compaction_trigger: 4
2021/11/25-16:07:50.863978 10e48fe00          Options.level0_slowdown_writes_trigger: 20
2021/11/25-16:07:50.863980 10e48fe00              Options.level0_stop_writes_trigger: 36
2021/11/25-16:07:50.863981 10e48fe00                   Options.target_file_size_base: 107374182
2021/11/25-16:07:50.863982 10e48fe00             Options.target_file_size_multiplier: 1
2021/11/25-16:07:50.863983 10e48fe00                Options.max_bytes_for_level_base: 1073741824
2021/11/25-16:07:50.863984 10e48fe00 Options.level_compaction_dynamic_level_bytes: 0
2021/11/25-16:07:50.863985 10e48fe00          Options.max_bytes_for_level_multiplier: 10.000000
2021/11/25-16:07:50.863986 10e48fe00 Options.max_bytes_for_level_multiplier_addtl[0]: 1
2021/11/25-16:07:50.863987 10e48fe00 Options.max_bytes_for_level_multiplier_addtl[1]: 1
2021/11/25-16:07:50.863988 10e48fe00 Options.max_bytes_for_level_multiplier_addtl[2]: 1
2021/11/25-16:07:50.863989 10e48fe00 Options.max_bytes_for_level_multiplier_addtl[3]: 1
2021/11/25-16:07:50.863990 10e48fe00 Options.max_bytes_for_level_multiplier_addtl[4]: 1
2021/11/25-16:07:50.863991 10e48fe00 Options.max_bytes_for_level_multiplier_addtl[5]: 1
2021/11/25-16:07:50.863991 10e48fe00 Options.max_bytes_for_level_multiplier_addtl[6]: 1
2021/11/25-16:07:50.863992 10e48fe00       Options.max_sequential_skip_in_iterations: 8
2021/11/25-16:07:50.863993 10e48fe00                    Options.max_compaction_bytes: 2684354550
2021/11/25-16:07:50.863994 10e48fe00                        Options.arena_block_size: 33554432
2021/11/25-16:07:50.863995 10e48fe00   Options.soft_pending_compaction_bytes_limit: 68719476736
2021/11/25-16:07:50.863996 10e48fe00   Options.hard_pending_compaction_bytes_limit: 274877906944
2021/11/25-16:07:50.863997 10e48fe00       Options.rate_limit_delay_max_milliseconds: 100
2021/11/25-16:07:50.863998 10e48fe00                Options.disable_auto_compactions: 0
2021/11/25-16:07:50.863999 10e48fe00                        Options.compaction_style: kCompactionStyleLevel
2021/11/25-16:07:50.864000 10e48fe00                          Options.compaction_pri: kMinOverlappingRatio
2021/11/25-16:07:50.864001 10e48fe00 Options.compaction_options_universal.size_ratio: 1
2021/11/25-16:07:50.864002 10e48fe00 Options.compaction_options_universal.min_merge_width: 2
2021/11/25-16:07:50.864002 10e48fe00 Options.compaction_options_universal.max_merge_width: 4294967295
2021/11/25-16:07:50.864003 10e48fe00 Options.compaction_options_universal.max_size_amplification_percent: 200
2021/11/25-16:07:50.864004 10e48fe00 Options.compaction_options_universal.compression_size_percent: -1
2021/11/25-16:07:50.864006 10e48fe00 Options.compaction_options_universal.stop_style: kCompactionStopStyleTotalSize
2021/11/25-16:07:50.864007 10e48fe00 Options.compaction_options_fifo.max_table_files_size: 1073741824
2021/11/25-16:07:50.864008 10e48fe00 Options.compaction_options_fifo.allow_compaction: 0
2021/11/25-16:07:50.864009 10e48fe00                   Options.table_properties_collectors: 
2021/11/25-16:07:50.864010 10e48fe00                   Options.inplace_update_support: 0
2021/11/25-16:07:50.864011 10e48fe00                 Options.inplace_update_num_locks: 10000
2021/11/25-16:07:50.864012 10e48fe00               Options.memtable_prefix_bloom_size_ratio: 0.000000
2021/11/25-16:07:50.864013 10e48fe00               Options.memtable_whole_key_filtering: 0
2021/11/25-16:07:50.864014 10e48fe00   Options.memtable_huge_page_size: 0
2021/11/25-16:07:50.864015 10e48fe00                           Options.bloom_locality: 0
2021/11/25-16:07:50.864016 10e48fe00                    Options.max_successive_merges: 0
2021/11/25-16:07:50.864016 10e48fe00                Options.optimize_filters_for_hits: 0
2021/11/25-16:07:50.864017 10e48fe00                Options.paranoid_file_checks: 0
2021/11/25-16:07:50.864018 10e48fe00                Options.force_consistency_checks: 1
2021/11/25-16:07:50.864019 10e48fe00                Options.report_bg_io_stats: 0
2021/11/25-16:07:50.864020 10e48fe00                               Options.ttl: 2592000
2021/11/25-16:07:50.864037 10e48fe00          Options.periodic_compaction_seconds: 2592000
2021/11/25-16:07:50.864038 10e48fe00                    Options.enable_blob_files: false
2021/11/25-16:07:50.864039 10e48fe00                        Options.min_blob_size: 0
2021/11/25-16:07:50.864040 10e48fe00                       Options.blob_file_size: 268435456
2021/11/25-16:07:50.864041 10e48fe00                Options.blob_compression_type: NoCompression
2021/11/25-16:07:50.864042 10e48fe00       Options.enable_blob_garbage_collection: false
2021/11/25-16:07:50.864043 10e48fe00   Options.blob_garbage_collection_age_cutoff: 0.250000
2021/11/25-16:07:50.864087 10e48fe00 [db/db_impl/db_impl.cc:2658] Created column family [dead_slots] (ID 2)
2021/11/25-16:07:50.866430 10e48fe00 [db/column_family.cc:597] --------------- Options for column family [duplicate_slots]:
2021/11/25-16:07:50.866436 10e48fe00               Options.comparator: leveldb.BytewiseComparator
2021/11/25-16:07:50.866437 10e48fe00           Options.merge_operator: None
2021/11/25-16:07:50.866438 10e48fe00        Options.compaction_filter: None
2021/11/25-16:07:50.866440 10e48fe00        Options.compaction_filter_factory: purged_slot_filter_factory(duplicate_slots)
2021/11/25-16:07:50.866441 10e48fe00  Options.sst_partitioner_factory: None
2021/11/25-16:07:50.866442 10e48fe00         Options.memtable_factory: SkipListFactory
2021/11/25-16:07:50.866443 10e48fe00            Options.table_factory: BlockBasedTable
2021/11/25-16:07:50.866461 10e48fe00            table_factory options:   flush_block_policy_factory: FlushBlockBySizePolicyFactory (0x7fc511c11e80)
  cache_index_and_filter_blocks: 0
  cache_index_and_filter_blocks_with_high_priority: 1
  pin_l0_filter_and_index_blocks_in_cache: 0
  pin_top_level_index_and_filter: 1
  index_type: 0
  data_block_index_type: 0
  index_shortening: 1
  data_block_hash_table_util_ratio: 0.750000
  hash_index_allow_collision: 1
  checksum: 1
  no_block_cache: 0
  block_cache: 0x7fc511c11ec8
  block_cache_name: LRUCache
  block_cache_options:
    capacity : 8388608
    num_shard_bits : 4
    strict_capacity_limit : 0
    memory_allocator : None
    high_pri_pool_ratio: 0.000
  block_cache_compressed: 0x0
  persistent_cache: 0x0
  block_size: 4096
  block_size_deviation: 10
  block_restart_interval: 16
  index_block_restart_interval: 1
  metadata_block_size: 4096
  partition_filters: 0
  use_delta_encoding: 1
  filter_policy: nullptr
  whole_key_filtering: 1
  verify_compression: 0
  read_amp_bytes_per_bit: 0
  format_version: 4
  enable_index_compression: 1
  block_align: 0
2021/11/25-16:07:50.866467 10e48fe00        Options.write_buffer_size: 268435456
2021/11/25-16:07:50.866468 10e48fe00  Options.max_write_buffer_number: 8
2021/11/25-16:07:50.866469 10e48fe00          Options.compression: NoCompression
2021/11/25-16:07:50.866470 10e48fe00                  Options.bottommost_compression: Disabled
2021/11/25-16:07:50.866471 10e48fe00       Options.prefix_extractor: nullptr
2021/11/25-16:07:50.866472 10e48fe00   Options.memtable_insert_with_hint_prefix_extractor: nullptr
2021/11/25-16:07:50.866473 10e48fe00             Options.num_levels: 7
2021/11/25-16:07:50.866474 10e48fe00        Options.min_write_buffer_number_to_merge: 1
2021/11/25-16:07:50.866475 10e48fe00     Options.max_write_buffer_number_to_maintain: 0
2021/11/25-16:07:50.866477 10e48fe00     Options.max_write_buffer_size_to_maintain: 0
2021/11/25-16:07:50.866478 10e48fe00            Options.bottommost_compression_opts.window_bits: -14
2021/11/25-16:07:50.866479 10e48fe00                  Options.bottommost_compression_opts.level: 32767
2021/11/25-16:07:50.866480 10e48fe00               Options.bottommost_compression_opts.strategy: 0
2021/11/25-16:07:50.866481 10e48fe00         Options.bottommost_compression_opts.max_dict_bytes: 0
2021/11/25-16:07:50.866482 10e48fe00         Options.bottommost_compression_opts.zstd_max_train_bytes: 0
2021/11/25-16:07:50.866483 10e48fe00         Options.bottommost_compression_opts.parallel_threads: 1
2021/11/25-16:07:50.866484 10e48fe00                  Options.bottommost_compression_opts.enabled: false
2021/11/25-16:07:50.866485 10e48fe00            Options.compression_opts.window_bits: -14
2021/11/25-16:07:50.866486 10e48fe00                  Options.compression_opts.level: 32767
2021/11/25-16:07:50.866487 10e48fe00               Options.compression_opts.strategy: 0
2021/11/25-16:07:50.866488 10e48fe00         Options.compression_opts.max_dict_bytes: 0
2021/11/25-16:07:50.866489 10e48fe00         Options.compression_opts.zstd_max_train_bytes: 0
2021/11/25-16:07:50.866490 10e48fe00         Options.compression_opts.parallel_threads: 1
2021/11/25-16:07:50.866491 10e48fe00                  Options.compression_opts.enabled: false
