2021/11/25-16:07:51.306790 10e48fe00 RocksDB version: 6.17.3
2021/11/25-16:07:51.306832 10e48fe00 Git sha rocksdb_build_git_sha:@09c7e96eac1ab983f97ce9e0406730b8014b3398@
2021/11/25-16:07:51.306835 10e48fe00 Compile date Oct 27 2021
2021/11/25-16:07:51.306850 10e48fe00 DB SUMMARY
2021/11/25-16:07:51.306852 10e48fe00 DB Session ID:  UP9V31LTXPE3WIY9OD72
2021/11/25-16:07:51.306897 10e48fe00 CURRENT file:  CURRENT
2021/11/25-16:07:51.306899 10e48fe00 IDENTITY file:  IDENTITY
2021/11/25-16:07:51.306904 10e48fe00 MANIFEST file:  MANIFEST-000003 size: 1376 Bytes
2021/11/25-16:07:51.306906 10e48fe00 SST files in .anchor/test-ledger/rocksdb dir, Total Num: 0, files: 
2021/11/25-16:07:51.306907 10e48fe00 Write Ahead Log file in .anchor/test-ledger/rocksdb: 000004.log size: 3918 ; 
2021/11/25-16:07:51.306909 10e48fe00                         Options.error_if_exists: 0
2021/11/25-16:07:51.306910 10e48fe00                       Options.create_if_missing: 1
2021/11/25-16:07:51.306911 10e48fe00                         Options.paranoid_checks: 1
2021/11/25-16:07:51.306912 10e48fe00                               Options.track_and_verify_wals_in_manifest: 0
2021/11/25-16:07:51.306913 10e48fe00                                     Options.env: 0x10b142108
2021/11/25-16:07:51.306914 10e48fe00                                      Options.fs: Posix File System
2021/11/25-16:07:51.306915 10e48fe00                                Options.info_log: 0x7fc511e1d3d0
2021/11/25-16:07:51.306916 10e48fe00                Options.max_file_opening_threads: 16
2021/11/25-16:07:51.306917 10e48fe00                              Options.statistics: 0x0
2021/11/25-16:07:51.306918 10e48fe00                               Options.use_fsync: 0
2021/11/25-16:07:51.306919 10e48fe00                       Options.max_log_file_size: 0
2021/11/25-16:07:51.306920 10e48fe00                  Options.max_manifest_file_size: 1073741824
2021/11/25-16:07:51.306921 10e48fe00                   Options.log_file_time_to_roll: 0
2021/11/25-16:07:51.306922 10e48fe00                       Options.keep_log_file_num: 1000
2021/11/25-16:07:51.306923 10e48fe00                    Options.recycle_log_file_num: 0
2021/11/25-16:07:51.306924 10e48fe00                         Options.allow_fallocate: 1
2021/11/25-16:07:51.306925 10e48fe00                        Options.allow_mmap_reads: 0
2021/11/25-16:07:51.306926 10e48fe00                       Options.allow_mmap_writes: 0
2021/11/25-16:07:51.306926 10e48fe00                        Options.use_direct_reads: 0
2021/11/25-16:07:51.306927 10e48fe00                        Options.use_direct_io_for_flush_and_compaction: 0
2021/11/25-16:07:51.306928 10e48fe00          Options.create_missing_column_families: 1
2021/11/25-16:07:51.306929 10e48fe00                              Options.db_log_dir: 
2021/11/25-16:07:51.306930 10e48fe00                                 Options.wal_dir: .anchor/test-ledger/rocksdb
2021/11/25-16:07:51.306931 10e48fe00                Options.table_cache_numshardbits: 6
2021/11/25-16:07:51.306932 10e48fe00                         Options.WAL_ttl_seconds: 0
2021/11/25-16:07:51.306933 10e48fe00                       Options.WAL_size_limit_MB: 0
2021/11/25-16:07:51.306934 10e48fe00                        Options.max_write_batch_group_size_bytes: 1048576
2021/11/25-16:07:51.306935 10e48fe00             Options.manifest_preallocation_size: 4194304
2021/11/25-16:07:51.306936 10e48fe00                     Options.is_fd_close_on_exec: 1
2021/11/25-16:07:51.306936 10e48fe00                   Options.advise_random_on_open: 1
2021/11/25-16:07:51.306937 10e48fe00                    Options.db_write_buffer_size: 0
2021/11/25-16:07:51.306938 10e48fe00                    Options.write_buffer_manager: 0x7fc511e1d2a0
2021/11/25-16:07:51.306939 10e48fe00         Options.access_hint_on_compaction_start: 1
2021/11/25-16:07:51.306940 10e48fe00  Options.new_table_reader_for_compaction_inputs: 0
2021/11/25-16:07:51.306941 10e48fe00           Options.random_access_max_buffer_size: 1048576
2021/11/25-16:07:51.306942 10e48fe00                      Options.use_adaptive_mutex: 0
2021/11/25-16:07:51.306943 10e48fe00                            Options.rate_limiter: 0x0
2021/11/25-16:07:51.306965 10e48fe00     Options.sst_file_manager.rate_bytes_per_sec: 0
2021/11/25-16:07:51.306967 10e48fe00                       Options.wal_recovery_mode: 2
2021/11/25-16:07:51.306968 10e48fe00                  Options.enable_thread_tracking: 0
2021/11/25-16:07:51.306969 10e48fe00                  Options.enable_pipelined_write: 0
2021/11/25-16:07:51.306970 10e48fe00                  Options.unordered_write: 0
2021/11/25-16:07:51.306970 10e48fe00         Options.allow_concurrent_memtable_write: 1
2021/11/25-16:07:51.306971 10e48fe00      Options.enable_write_thread_adaptive_yield: 1
2021/11/25-16:07:51.306972 10e48fe00             Options.write_thread_max_yield_usec: 100
2021/11/25-16:07:51.306973 10e48fe00            Options.write_thread_slow_yield_usec: 3
2021/11/25-16:07:51.306974 10e48fe00                               Options.row_cache: None
2021/11/25-16:07:51.306975 10e48fe00                              Options.wal_filter: None
2021/11/25-16:07:51.306976 10e48fe00             Options.avoid_flush_during_recovery: 0
2021/11/25-16:07:51.306977 10e48fe00             Options.allow_ingest_behind: 0
2021/11/25-16:07:51.306978 10e48fe00             Options.preserve_deletes: 0
2021/11/25-16:07:51.306979 10e48fe00             Options.two_write_queues: 0
2021/11/25-16:07:51.306980 10e48fe00             Options.manual_wal_flush: 0
2021/11/25-16:07:51.306980 10e48fe00             Options.atomic_flush: 0
2021/11/25-16:07:51.306981 10e48fe00             Options.avoid_unnecessary_blocking_io: 0
2021/11/25-16:07:51.306982 10e48fe00                 Options.persist_stats_to_disk: 0
2021/11/25-16:07:51.306983 10e48fe00                 Options.write_dbid_to_manifest: 0
2021/11/25-16:07:51.306984 10e48fe00                 Options.log_readahead_size: 0
2021/11/25-16:07:51.306985 10e48fe00                 Options.file_checksum_gen_factory: Unknown
2021/11/25-16:07:51.306986 10e48fe00                 Options.best_efforts_recovery: 0
2021/11/25-16:07:51.306987 10e48fe00                Options.max_bgerror_resume_count: 2147483647
2021/11/25-16:07:51.306988 10e48fe00            Options.bgerror_resume_retry_interval: 1000000
2021/11/25-16:07:51.306989 10e48fe00             Options.allow_data_in_errors: 0
2021/11/25-16:07:51.306989 10e48fe00             Options.db_host_id: __hostname__
2021/11/25-16:07:51.306990 10e48fe00             Options.max_background_jobs: 8
2021/11/25-16:07:51.306991 10e48fe00             Options.max_background_compactions: -1
2021/11/25-16:07:51.306992 10e48fe00             Options.max_subcompactions: 1
2021/11/25-16:07:51.306993 10e48fe00             Options.avoid_flush_during_shutdown: 0
2021/11/25-16:07:51.306994 10e48fe00           Options.writable_file_max_buffer_size: 1048576
2021/11/25-16:07:51.306995 10e48fe00             Options.delayed_write_rate : 16777216
2021/11/25-16:07:51.306996 10e48fe00             Options.max_total_wal_size: 4294967296
2021/11/25-16:07:51.306997 10e48fe00             Options.delete_obsolete_files_period_micros: 21600000000
2021/11/25-16:07:51.306998 10e48fe00                   Options.stats_dump_period_sec: 600
2021/11/25-16:07:51.306999 10e48fe00                 Options.stats_persist_period_sec: 600
2021/11/25-16:07:51.307000 10e48fe00                 Options.stats_history_buffer_size: 1048576
2021/11/25-16:07:51.307001 10e48fe00                          Options.max_open_files: -1
2021/11/25-16:07:51.307002 10e48fe00                          Options.bytes_per_sync: 0
2021/11/25-16:07:51.307002 10e48fe00                      Options.wal_bytes_per_sync: 0
2021/11/25-16:07:51.307003 10e48fe00                   Options.strict_bytes_per_sync: 0
2021/11/25-16:07:51.307004 10e48fe00       Options.compaction_readahead_size: 0
2021/11/25-16:07:51.307005 10e48fe00                  Options.max_background_flushes: -1
2021/11/25-16:07:51.307006 10e48fe00 Compression algorithms supported:
2021/11/25-16:07:51.307007 10e48fe00 	kZSTD supported: 0
2021/11/25-16:07:51.307008 10e48fe00 	kZlibCompression supported: 0
2021/11/25-16:07:51.307009 10e48fe00 	kXpressCompression supported: 0
2021/11/25-16:07:51.307024 10e48fe00 	kSnappyCompression supported: 0
2021/11/25-16:07:51.307025 10e48fe00 	kZSTDNotFinalCompression supported: 0
2021/11/25-16:07:51.307026 10e48fe00 	kLZ4HCCompression supported: 1
2021/11/25-16:07:51.307027 10e48fe00 	kLZ4Compression supported: 1
2021/11/25-16:07:51.307028 10e48fe00 	kBZip2Compression supported: 0
2021/11/25-16:07:51.307030 10e48fe00 Fast CRC32 supported: Supported on x86
2021/11/25-16:07:51.307132 10e48fe00 [db/version_set.cc:4757] Recovering from manifest file: .anchor/test-ledger/rocksdb/MANIFEST-000003
2021/11/25-16:07:51.307172 10e48fe00 [db/column_family.cc:597] --------------- Options for column family [default]:
2021/11/25-16:07:51.307174 10e48fe00               Options.comparator: leveldb.BytewiseComparator
2021/11/25-16:07:51.307175 10e48fe00           Options.merge_operator: None
2021/11/25-16:07:51.307176 10e48fe00        Options.compaction_filter: None
2021/11/25-16:07:51.307177 10e48fe00        Options.compaction_filter_factory: None
2021/11/25-16:07:51.307178 10e48fe00  Options.sst_partitioner_factory: None
2021/11/25-16:07:51.307179 10e48fe00         Options.memtable_factory: SkipListFactory
2021/11/25-16:07:51.307179 10e48fe00            Options.table_factory: BlockBasedTable
2021/11/25-16:07:51.307193 10e48fe00            table_factory options:   flush_block_policy_factory: FlushBlockBySizePolicyFactory (0x7fc511e0c8c0)
  cache_index_and_filter_blocks: 0
  cache_index_and_filter_blocks_with_high_priority: 1
  pin_l0_filter_and_index_blocks_in_cache: 0
  pin_top_level_index_and_filter: 1
  index_type: 0
  data_block_index_type: 0
  index_shortening: 1
  data_block_hash_table_util_ratio: 0.750000
  hash_index_allow_collision: 1
  checksum: 1
  no_block_cache: 0
  block_cache: 0x7fc511e1c278
  block_cache_name: LRUCache
  block_cache_options:
    capacity : 8388608
    num_shard_bits : 4
    strict_capacity_limit : 0
    memory_allocator : None
    high_pri_pool_ratio: 0.000
  block_cache_compressed: 0x0
  persistent_cache: 0x0
  block_size: 4096
  block_size_deviation: 10
  block_restart_interval: 16
  index_block_restart_interval: 1
  metadata_block_size: 4096
  partition_filters: 0
  use_delta_encoding: 1
  filter_policy: nullptr
  whole_key_filtering: 1
  verify_compression: 0
  read_amp_bytes_per_bit: 0
  format_version: 4
  enable_index_compression: 1
  block_align: 0
2021/11/25-16:07:51.307196 10e48fe00        Options.write_buffer_size: 67108864
2021/11/25-16:07:51.307197 10e48fe00  Options.max_write_buffer_number: 2
2021/11/25-16:07:51.307199 10e48fe00          Options.compression: NoCompression
2021/11/25-16:07:51.307199 10e48fe00                  Options.bottommost_compression: Disabled
2021/11/25-16:07:51.307200 10e48fe00       Options.prefix_extractor: nullptr
2021/11/25-16:07:51.307201 10e48fe00   Options.memtable_insert_with_hint_prefix_extractor: nullptr
2021/11/25-16:07:51.307202 10e48fe00             Options.num_levels: 7
2021/11/25-16:07:51.307203 10e48fe00        Options.min_write_buffer_number_to_merge: 1
2021/11/25-16:07:51.307204 10e48fe00     Options.max_write_buffer_number_to_maintain: 0
2021/11/25-16:07:51.307205 10e48fe00     Options.max_write_buffer_size_to_maintain: 0
2021/11/25-16:07:51.307206 10e48fe00            Options.bottommost_compression_opts.window_bits: -14
2021/11/25-16:07:51.307207 10e48fe00                  Options.bottommost_compression_opts.level: 32767
2021/11/25-16:07:51.307208 10e48fe00               Options.bottommost_compression_opts.strategy: 0
2021/11/25-16:07:51.307209 10e48fe00         Options.bottommost_compression_opts.max_dict_bytes: 0
2021/11/25-16:07:51.307210 10e48fe00         Options.bottommost_compression_opts.zstd_max_train_bytes: 0
2021/11/25-16:07:51.307211 10e48fe00         Options.bottommost_compression_opts.parallel_threads: 1
2021/11/25-16:07:51.307212 10e48fe00                  Options.bottommost_compression_opts.enabled: false
2021/11/25-16:07:51.307213 10e48fe00            Options.compression_opts.window_bits: -14
2021/11/25-16:07:51.307214 10e48fe00                  Options.compression_opts.level: 32767
2021/11/25-16:07:51.307234 10e48fe00               Options.compression_opts.strategy: 0
2021/11/25-16:07:51.307235 10e48fe00         Options.compression_opts.max_dict_bytes: 0
2021/11/25-16:07:51.307236 10e48fe00         Options.compression_opts.zstd_max_train_bytes: 0
2021/11/25-16:07:51.307237 10e48fe00         Options.compression_opts.parallel_threads: 1
2021/11/25-16:07:51.307238 10e48fe00                  Options.compression_opts.enabled: false
2021/11/25-16:07:51.307239 10e48fe00      Options.level0_file_num_compaction_trigger: 4
2021/11/25-16:07:51.307240 10e48fe00          Options.level0_slowdown_writes_trigger: 20
2021/11/25-16:07:51.307240 10e48fe00              Options.level0_stop_writes_trigger: 36
2021/11/25-16:07:51.307241 10e48fe00                   Options.target_file_size_base: 67108864
2021/11/25-16:07:51.307242 10e48fe00             Options.target_file_size_multiplier: 1
2021/11/25-16:07:51.307243 10e48fe00                Options.max_bytes_for_level_base: 268435456
2021/11/25-16:07:51.307244 10e48fe00 Options.level_compaction_dynamic_level_bytes: 0
2021/11/25-16:07:51.307245 10e48fe00          Options.max_bytes_for_level_multiplier: 10.000000
2021/11/25-16:07:51.307246 10e48fe00 Options.max_bytes_for_level_multiplier_addtl[0]: 1
2021/11/25-16:07:51.307248 10e48fe00 Options.max_bytes_for_level_multiplier_addtl[1]: 1
2021/11/25-16:07:51.307248 10e48fe00 Options.max_bytes_for_level_multiplier_addtl[2]: 1
2021/11/25-16:07:51.307249 10e48fe00 Options.max_bytes_for_level_multiplier_addtl[3]: 1
2021/11/25-16:07:51.307250 10e48fe00 Options.max_bytes_for_level_multiplier_addtl[4]: 1
2021/11/25-16:07:51.307251 10e48fe00 Options.max_bytes_for_level_multiplier_addtl[5]: 1
2021/11/25-16:07:51.307252 10e48fe00 Options.max_bytes_for_level_multiplier_addtl[6]: 1
2021/11/25-16:07:51.307253 10e48fe00       Options.max_sequential_skip_in_iterations: 8
2021/11/25-16:07:51.307254 10e48fe00                    Options.max_compaction_bytes: 1677721600
2021/11/25-16:07:51.307255 10e48fe00                        Options.arena_block_size: 8388608
2021/11/25-16:07:51.307256 10e48fe00   Options.soft_pending_compaction_bytes_limit: 68719476736
2021/11/25-16:07:51.307257 10e48fe00   Options.hard_pending_compaction_bytes_limit: 274877906944
2021/11/25-16:07:51.307258 10e48fe00       Options.rate_limit_delay_max_milliseconds: 100
2021/11/25-16:07:51.307259 10e48fe00                Options.disable_auto_compactions: 0
2021/11/25-16:07:51.307260 10e48fe00                        Options.compaction_style: kCompactionStyleLevel
2021/11/25-16:07:51.307261 10e48fe00                          Options.compaction_pri: kMinOverlappingRatio
2021/11/25-16:07:51.307262 10e48fe00 Options.compaction_options_universal.size_ratio: 1
2021/11/25-16:07:51.307263 10e48fe00 Options.compaction_options_universal.min_merge_width: 2
2021/11/25-16:07:51.307264 10e48fe00 Options.compaction_options_universal.max_merge_width: 4294967295
2021/11/25-16:07:51.307265 10e48fe00 Options.compaction_options_universal.max_size_amplification_percent: 200
2021/11/25-16:07:51.307266 10e48fe00 Options.compaction_options_universal.compression_size_percent: -1
2021/11/25-16:07:51.307267 10e48fe00 Options.compaction_options_universal.stop_style: kCompactionStopStyleTotalSize
2021/11/25-16:07:51.307268 10e48fe00 Options.compaction_options_fifo.max_table_files_size: 1073741824
2021/11/25-16:07:51.307269 10e48fe00 Options.compaction_options_fifo.allow_compaction: 0
2021/11/25-16:07:51.307271 10e48fe00                   Options.table_properties_collectors: 
2021/11/25-16:07:51.307272 10e48fe00                   Options.inplace_update_support: 0
2021/11/25-16:07:51.307273 10e48fe00                 Options.inplace_update_num_locks: 10000
2021/11/25-16:07:51.307274 10e48fe00               Options.memtable_prefix_bloom_size_ratio: 0.000000
2021/11/25-16:07:51.307275 10e48fe00               Options.memtable_whole_key_filtering: 0
2021/11/25-16:07:51.307276 10e48fe00   Options.memtable_huge_page_size: 0
2021/11/25-16:07:51.307277 10e48fe00                           Options.bloom_locality: 0
2021/11/25-16:07:51.307290 10e48fe00                    Options.max_successive_merges: 0
2021/11/25-16:07:51.307291 10e48fe00                Options.optimize_filters_for_hits: 0
2021/11/25-16:07:51.307292 10e48fe00                Options.paranoid_file_checks: 0
2021/11/25-16:07:51.307293 10e48fe00                Options.force_consistency_checks: 1
2021/11/25-16:07:51.307294 10e48fe00                Options.report_bg_io_stats: 0
2021/11/25-16:07:51.307295 10e48fe00                               Options.ttl: 2592000
2021/11/25-16:07:51.307296 10e48fe00          Options.periodic_compaction_seconds: 0
2021/11/25-16:07:51.307297 10e48fe00                    Options.enable_blob_files: false
2021/11/25-16:07:51.307298 10e48fe00                        Options.min_blob_size: 0
2021/11/25-16:07:51.307299 10e48fe00                       Options.blob_file_size: 268435456
2021/11/25-16:07:51.307300 10e48fe00                Options.blob_compression_type: NoCompression
2021/11/25-16:07:51.307301 10e48fe00       Options.enable_blob_garbage_collection: false
2021/11/25-16:07:51.307302 10e48fe00   Options.blob_garbage_collection_age_cutoff: 0.250000
2021/11/25-16:07:51.307338 10e48fe00 [db/column_family.cc:597] --------------- Options for column family [meta]:
2021/11/25-16:07:51.307339 10e48fe00               Options.comparator: leveldb.BytewiseComparator
2021/11/25-16:07:51.307340 10e48fe00           Options.merge_operator: None
2021/11/25-16:07:51.307341 10e48fe00        Options.compaction_filter: None
2021/11/25-16:07:51.307342 10e48fe00        Options.compaction_filter_factory: purged_slot_filter_factory(meta)
2021/11/25-16:07:51.307343 10e48fe00  Options.sst_partitioner_factory: None
2021/11/25-16:07:51.307344 10e48fe00         Options.memtable_factory: SkipListFactory
2021/11/25-16:07:51.307345 10e48fe00            Options.table_factory: BlockBasedTable
2021/11/25-16:07:51.307355 10e48fe00            table_factory options:   flush_block_policy_factory: FlushBlockBySizePolicyFactory (0x7fc511e17a10)
  cache_index_and_filter_blocks: 0
  cache_index_and_filter_blocks_with_high_priority: 1
  pin_l0_filter_and_index_blocks_in_cache: 0
  pin_top_level_index_and_filter: 1
  index_type: 0
  data_block_index_type: 0
  index_shortening: 1
  data_block_hash_table_util_ratio: 0.750000
  hash_index_allow_collision: 1
  checksum: 1
  no_block_cache: 0
  block_cache: 0x7fc511e12c98
  block_cache_name: LRUCache
  block_cache_options:
    capacity : 8388608
    num_shard_bits : 4
    strict_capacity_limit : 0
    memory_allocator : None
    high_pri_pool_ratio: 0.000
  block_cache_compressed: 0x0
  persistent_cache: 0x0
  block_size: 4096
  block_size_deviation: 10
  block_restart_interval: 16
  index_block_restart_interval: 1
  metadata_block_size: 4096
  partition_filters: 0
  use_delta_encoding: 1
  filter_policy: nullptr
  whole_key_filtering: 1
  verify_compression: 0
  read_amp_bytes_per_bit: 0
  format_version: 4
  enable_index_compression: 1
  block_align: 0
2021/11/25-16:07:51.307357 10e48fe00        Options.write_buffer_size: 268435456
2021/11/25-16:07:51.307358 10e48fe00  Options.max_write_buffer_number: 8
2021/11/25-16:07:51.307359 10e48fe00          Options.compression: NoCompression
2021/11/25-16:07:51.307360 10e48fe00                  Options.bottommost_compression: Disabled
2021/11/25-16:07:51.307361 10e48fe00       Options.prefix_extractor: nullptr
2021/11/25-16:07:51.307362 10e48fe00   Options.memtable_insert_with_hint_prefix_extractor: nullptr
2021/11/25-16:07:51.307363 10e48fe00             Options.num_levels: 7
2021/11/25-16:07:51.307364 10e48fe00        Options.min_write_buffer_number_to_merge: 1
2021/11/25-16:07:51.307365 10e48fe00     Options.max_write_buffer_number_to_maintain: 0
2021/11/25-16:07:51.307366 10e48fe00     Options.max_write_buffer_size_to_maintain: 0
2021/11/25-16:07:51.307367 10e48fe00            Options.bottommost_compression_opts.window_bits: -14
2021/11/25-16:07:51.307367 10e48fe00                  Options.bottommost_compression_opts.level: 32767
2021/11/25-16:07:51.307385 10e48fe00               Options.bottommost_compression_opts.strategy: 0
2021/11/25-16:07:51.307386 10e48fe00         Options.bottommost_compression_opts.max_dict_bytes: 0
2021/11/25-16:07:51.307387 10e48fe00         Options.bottommost_compression_opts.zstd_max_train_bytes: 0
2021/11/25-16:07:51.307388 10e48fe00         Options.bottommost_compression_opts.parallel_threads: 1
2021/11/25-16:07:51.307389 10e48fe00                  Options.bottommost_compression_opts.enabled: false
2021/11/25-16:07:51.307390 10e48fe00            Options.compression_opts.window_bits: -14
2021/11/25-16:07:51.307391 10e48fe00                  Options.compression_opts.level: 32767
2021/11/25-16:07:51.307392 10e48fe00               Options.compression_opts.strategy: 0
2021/11/25-16:07:51.307392 10e48fe00         Options.compression_opts.max_dict_bytes: 0
2021/11/25-16:07:51.307393 10e48fe00         Options.compression_opts.zstd_max_train_bytes: 0
2021/11/25-16:07:51.307394 10e48fe00         Options.compression_opts.parallel_threads: 1
2021/11/25-16:07:51.307395 10e48fe00                  Options.compression_opts.enabled: false
2021/11/25-16:07:51.307396 10e48fe00      Options.level0_file_num_compaction_trigger: 4
2021/11/25-16:07:51.307397 10e48fe00          Options.level0_slowdown_writes_trigger: 20
2021/11/25-16:07:51.307398 10e48fe00              Options.level0_stop_writes_trigger: 36
2021/11/25-16:07:51.307399 10e48fe00                   Options.target_file_size_base: 107374182
2021/11/25-16:07:51.307399 10e48fe00             Options.target_file_size_multiplier: 1
2021/11/25-16:07:51.307400 10e48fe00                Options.max_bytes_for_level_base: 1073741824
2021/11/25-16:07:51.307401 10e48fe00 Options.level_compaction_dynamic_level_bytes: 0
2021/11/25-16:07:51.307402 10e48fe00          Options.max_bytes_for_level_multiplier: 10.000000
2021/11/25-16:07:51.307403 10e48fe00 Options.max_bytes_for_level_multiplier_addtl[0]: 1
2021/11/25-16:07:51.307404 10e48fe00 Options.max_bytes_for_level_multiplier_addtl[1]: 1
2021/11/25-16:07:51.307405 10e48fe00 Options.max_bytes_for_level_multiplier_addtl[2]: 1
2021/11/25-16:07:51.307406 10e48fe00 Options.max_bytes_for_level_multiplier_addtl[3]: 1
2021/11/25-16:07:51.307407 10e48fe00 Options.max_bytes_for_level_multiplier_addtl[4]: 1
2021/11/25-16:07:51.307408 10e48fe00 Options.max_bytes_for_level_multiplier_addtl[5]: 1
2021/11/25-16:07:51.307409 10e48fe00 Options.max_bytes_for_level_multiplier_addtl[6]: 1
2021/11/25-16:07:51.307410 10e48fe00       Options.max_sequential_skip_in_iterations: 8
2021/11/25-16:07:51.307411 10e48fe00                    Options.max_compaction_bytes: 2684354550
2021/11/25-16:07:51.307412 10e48fe00                        Options.arena_block_size: 33554432
2021/11/25-16:07:51.307413 10e48fe00   Options.soft_pending_compaction_bytes_limit: 68719476736
2021/11/25-16:07:51.307413 10e48fe00   Options.hard_pending_compaction_bytes_limit: 274877906944
2021/11/25-16:07:51.307414 10e48fe00       Options.rate_limit_delay_max_milliseconds: 100
2021/11/25-16:07:51.307415 10e48fe00                Options.disable_auto_compactions: 0
2021/11/25-16:07:51.307416 10e48fe00                        Options.compaction_style: kCompactionStyleLevel
2021/11/25-16:07:51.307417 10e48fe00                          Options.compaction_pri: kMinOverlappingRatio
2021/11/25-16:07:51.307418 10e48fe00 Options.compaction_options_universal.size_ratio: 1
2021/11/25-16:07:51.307419 10e48fe00 Options.compaction_options_universal.min_merge_width: 2
2021/11/25-16:07:51.307420 10e48fe00 Options.compaction_options_universal.max_merge_width: 4294967295
2021/11/25-16:07:51.307421 10e48fe00 Options.compaction_options_universal.max_size_amplification_percent: 200
2021/11/25-16:07:51.307422 10e48fe00 Options.compaction_options_universal.compression_size_percent: -1
2021/11/25-16:07:51.307423 10e48fe00 Options.compaction_options_universal.stop_style: kCompactionStopStyleTotalSize
2021/11/25-16:07:51.307424 10e48fe00 Options.compaction_options_fifo.max_table_files_size: 1073741824
2021/11/25-16:07:51.307425 10e48fe00 Options.compaction_options_fifo.allow_compaction: 0
2021/11/25-16:07:51.307438 10e48fe00                   Options.table_properties_collectors: 
2021/11/25-16:07:51.307439 10e48fe00                   Options.inplace_update_support: 0
2021/11/25-16:07:51.307440 10e48fe00                 Options.inplace_update_num_locks: 10000
2021/11/25-16:07:51.307441 10e48fe00               Options.memtable_prefix_bloom_size_ratio: 0.000000
2021/11/25-16:07:51.307442 10e48fe00               Options.memtable_whole_key_filtering: 0
2021/11/25-16:07:51.307443 10e48fe00   Options.memtable_huge_page_size: 0
2021/11/25-16:07:51.307444 10e48fe00                           Options.bloom_locality: 0
2021/11/25-16:07:51.307445 10e48fe00                    Options.max_successive_merges: 0
2021/11/25-16:07:51.307446 10e48fe00                Options.optimize_filters_for_hits: 0
2021/11/25-16:07:51.307447 10e48fe00                Options.paranoid_file_checks: 0
2021/11/25-16:07:51.307448 10e48fe00                Options.force_consistency_checks: 1
2021/11/25-16:07:51.307448 10e48fe00                Options.report_bg_io_stats: 0
2021/11/25-16:07:51.307449 10e48fe00                               Options.ttl: 2592000
2021/11/25-16:07:51.307450 10e48fe00          Options.periodic_compaction_seconds: 2592000
2021/11/25-16:07:51.307451 10e48fe00                    Options.enable_blob_files: false
2021/11/25-16:07:51.307452 10e48fe00                        Options.min_blob_size: 0
2021/11/25-16:07:51.307453 10e48fe00                       Options.blob_file_size: 268435456
2021/11/25-16:07:51.307454 10e48fe00                Options.blob_compression_type: NoCompression
2021/11/25-16:07:51.307455 10e48fe00       Options.enable_blob_garbage_collection: false
2021/11/25-16:07:51.307456 10e48fe00   Options.blob_garbage_collection_age_cutoff: 0.250000
2021/11/25-16:07:51.307476 10e48fe00 [db/column_family.cc:597] --------------- Options for column family [dead_slots]:
2021/11/25-16:07:51.307477 10e48fe00               Options.comparator: leveldb.BytewiseComparator
2021/11/25-16:07:51.307478 10e48fe00           Options.merge_operator: None
2021/11/25-16:07:51.307479 10e48fe00        Options.compaction_filter: None
2021/11/25-16:07:51.307480 10e48fe00        Options.compaction_filter_factory: purged_slot_filter_factory(dead_slots)
2021/11/25-16:07:51.307481 10e48fe00  Options.sst_partitioner_factory: None
2021/11/25-16:07:51.307482 10e48fe00         Options.memtable_factory: SkipListFactory
2021/11/25-16:07:51.307483 10e48fe00            Options.table_factory: BlockBasedTable
2021/11/25-16:07:51.307492 10e48fe00            table_factory options:   flush_block_policy_factory: FlushBlockBySizePolicyFactory (0x7fc511e11850)
  cache_index_and_filter_blocks: 0
  cache_index_and_filter_blocks_with_high_priority: 1
  pin_l0_filter_and_index_blocks_in_cache: 0
  pin_top_level_index_and_filter: 1
  index_type: 0
  data_block_index_type: 0
  index_shortening: 1
  data_block_hash_table_util_ratio: 0.750000
  hash_index_allow_collision: 1
  checksum: 1
  no_block_cache: 0
  block_cache: 0x7fc511e11898
  block_cache_name: LRUCache
  block_cache_options:
    capacity : 8388608
    num_shard_bits : 4
    strict_capacity_limit : 0
    memory_allocator : None
    high_pri_pool_ratio: 0.000
  block_cache_compressed: 0x0
  persistent_cache: 0x0
  block_size: 4096
  block_size_deviation: 10
  block_restart_interval: 16
  index_block_restart_interval: 1
  metadata_block_size: 4096
  partition_filters: 0
  use_delta_encoding: 1
  filter_policy: nullptr
  whole_key_filtering: 1
  verify_compression: 0
  read_amp_bytes_per_bit: 0
  format_version: 4
  enable_index_compression: 1
  block_align: 0
2021/11/25-16:07:51.307494 10e48fe00        Options.write_buffer_size: 268435456
2021/11/25-16:07:51.307495 10e48fe00  Options.max_write_buffer_number: 8
2021/11/25-16:07:51.307495 10e48fe00          Options.compression: NoCompression
2021/11/25-16:07:51.307496 10e48fe00                  Options.bottommost_compression: Disabled
2021/11/25-16:07:51.307497 10e48fe00       Options.prefix_extractor: nullptr
2021/11/25-16:07:51.307512 10e48fe00   Options.memtable_insert_with_hint_prefix_extractor: nullptr
2021/11/25-16:07:51.307514 10e48fe00             Options.num_levels: 7
2021/11/25-16:07:51.307515 10e48fe00        Options.min_write_buffer_number_to_merge: 1
2021/11/25-16:07:51.307516 10e48fe00     Options.max_write_buffer_number_to_maintain: 0
2021/11/25-16:07:51.307516 10e48fe00     Options.max_write_buffer_size_to_maintain: 0
2021/11/25-16:07:51.307517 10e48fe00            Options.bottommost_compression_opts.window_bits: -14
2021/11/25-16:07:51.307518 10e48fe00                  Options.bottommost_compression_opts.level: 32767
2021/11/25-16:07:51.307519 10e48fe00               Options.bottommost_compression_opts.strategy: 0
2021/11/25-16:07:51.307520 10e48fe00         Options.bottommost_compression_opts.max_dict_bytes: 0
2021/11/25-16:07:51.307521 10e48fe00         Options.bottommost_compression_opts.zstd_max_train_bytes: 0
2021/11/25-16:07:51.307522 10e48fe00         Options.bottommost_compression_opts.parallel_threads: 1
2021/11/25-16:07:51.307523 10e48fe00                  Options.bottommost_compression_opts.enabled: false
2021/11/25-16:07:51.307524 10e48fe00            Options.compression_opts.window_bits: -14
2021/11/25-16:07:51.307525 10e48fe00                  Options.compression_opts.level: 32767
2021/11/25-16:07:51.307526 10e48fe00               Options.compression_opts.strategy: 0
2021/11/25-16:07:51.307526 10e48fe00         Options.compression_opts.max_dict_bytes: 0
2021/11/25-16:07:51.307527 10e48fe00         Options.compression_opts.zstd_max_train_bytes: 0
2021/11/25-16:07:51.307528 10e48fe00         Options.compression_opts.parallel_threads: 1
2021/11/25-16:07:51.307529 10e48fe00                  Options.compression_opts.enabled: false
2021/11/25-16:07:51.307530 10e48fe00      Options.level0_file_num_compaction_trigger: 4
2021/11/25-16:07:51.307531 10e48fe00          Options.level0_slowdown_writes_trigger: 20
2021/11/25-16:07:51.307532 10e48fe00              Options.level0_stop_writes_trigger: 36
2021/11/25-16:07:51.307532 10e48fe00                   Options.target_file_size_base: 107374182
2021/11/25-16:07:51.307533 10e48fe00             Options.target_file_size_multiplier: 1
2021/11/25-16:07:51.307534 10e48fe00                Options.max_bytes_for_level_base: 1073741824
2021/11/25-16:07:51.307535 10e48fe00 Options.level_compaction_dynamic_level_bytes: 0
2021/11/25-16:07:51.307536 10e48fe00          Options.max_bytes_for_level_multiplier: 10.000000
2021/11/25-16:07:51.307537 10e48fe00 Options.max_bytes_for_level_multiplier_addtl[0]: 1
2021/11/25-16:07:51.307538 10e48fe00 Options.max_bytes_for_level_multiplier_addtl[1]: 1
2021/11/25-16:07:51.307539 10e48fe00 Options.max_bytes_for_level_multiplier_addtl[2]: 1
2021/11/25-16:07:51.307540 10e48fe00 Options.max_bytes_for_level_multiplier_addtl[3]: 1
2021/11/25-16:07:51.307541 10e48fe00 Options.max_bytes_for_level_multiplier_addtl[4]: 1
2021/11/25-16:07:51.307542 10e48fe00 Options.max_bytes_for_level_multiplier_addtl[5]: 1
2021/11/25-16:07:51.307543 10e48fe00 Options.max_bytes_for_level_multiplier_addtl[6]: 1
2021/11/25-16:07:51.307544 10e48fe00       Options.max_sequential_skip_in_iterations: 8
2021/11/25-16:07:51.307544 10e48fe00                    Options.max_compaction_bytes: 2684354550
2021/11/25-16:07:51.307545 10e48fe00                        Options.arena_block_size: 33554432
2021/11/25-16:07:51.307546 10e48fe00   Options.soft_pending_compaction_bytes_limit: 68719476736
2021/11/25-16:07:51.307547 10e48fe00   Options.hard_pending_compaction_bytes_limit: 274877906944
2021/11/25-16:07:51.307548 10e48fe00       Options.rate_limit_delay_max_milliseconds: 100
2021/11/25-16:07:51.307549 10e48fe00                Options.disable_auto_compactions: 0
2021/11/25-16:07:51.307550 10e48fe00                        Options.compaction_style: kCompactionStyleLevel
2021/11/25-16:07:51.307551 10e48fe00                          Options.compaction_pri: kMinOverlappingRatio
2021/11/25-16:07:51.307552 10e48fe00 Options.compaction_options_universal.size_ratio: 1
2021/11/25-16:07:51.307568 10e48fe00 Options.compaction_options_universal.min_merge_width: 2
2021/11/25-16:07:51.307569 10e48fe00 Options.compaction_options_universal.max_merge_width: 4294967295
2021/11/25-16:07:51.307570 10e48fe00 Options.compaction_options_universal.max_size_amplification_percent: 200
2021/11/25-16:07:51.307571 10e48fe00 Options.compaction_options_universal.compression_size_percent: -1
2021/11/25-16:07:51.307572 10e48fe00 Options.compaction_options_universal.stop_style: kCompactionStopStyleTotalSize
2021/11/25-16:07:51.307573 10e48fe00 Options.compaction_options_fifo.max_table_files_size: 1073741824
2021/11/25-16:07:51.307574 10e48fe00 Options.compaction_options_fifo.allow_compaction: 0
2021/11/25-16:07:51.307575 10e48fe00                   Options.table_properties_collectors: 
2021/11/25-16:07:51.307576 10e48fe00                   Options.inplace_update_support: 0
2021/11/25-16:07:51.307577 10e48fe00                 Options.inplace_update_num_locks: 10000
2021/11/25-16:07:51.307578 10e48fe00               Options.memtable_prefix_bloom_size_ratio: 0.000000
2021/11/25-16:07:51.307579 10e48fe00               Options.memtable_whole_key_filtering: 0
2021/11/25-16:07:51.307580 10e48fe00   Options.memtable_huge_page_size: 0
2021/11/25-16:07:51.307581 10e48fe00                           Options.bloom_locality: 0
2021/11/25-16:07:51.307582 10e48fe00                    Options.max_successive_merges: 0
2021/11/25-16:07:51.307583 10e48fe00                Options.optimize_filters_for_hits: 0
2021/11/25-16:07:51.307584 10e48fe00                Options.paranoid_file_checks: 0
2021/11/25-16:07:51.307584 10e48fe00                Options.force_consistency_checks: 1
2021/11/25-16:07:51.307585 10e48fe00                Options.report_bg_io_stats: 0
2021/11/25-16:07:51.307586 10e48fe00                               Options.ttl: 2592000
2021/11/25-16:07:51.307587 10e48fe00          Options.periodic_compaction_seconds: 2592000
2021/11/25-16:07:51.307588 10e48fe00                    Options.enable_blob_files: false
2021/11/25-16:07:51.307589 10e48fe00                        Options.min_blob_size: 0
2021/11/25-16:07:51.307590 10e48fe00                       Options.blob_file_size: 268435456
2021/11/25-16:07:51.307591 10e48fe00                Options.blob_compression_type: NoCompression
2021/11/25-16:07:51.307591 10e48fe00       Options.enable_blob_garbage_collection: false
2021/11/25-16:07:51.307592 10e48fe00   Options.blob_garbage_collection_age_cutoff: 0.250000
2021/11/25-16:07:51.307614 10e48fe00 [db/column_family.cc:597] --------------- Options for column family [duplicate_slots]:
2021/11/25-16:07:51.307616 10e48fe00               Options.comparator: leveldb.BytewiseComparator
2021/11/25-16:07:51.307617 10e48fe00           Options.merge_operator: None
2021/11/25-16:07:51.307618 10e48fe00        Options.compaction_filter: None
2021/11/25-16:07:51.307619 10e48fe00        Options.compaction_filter_factory: purged_slot_filter_factory(duplicate_slots)
2021/11/25-16:07:51.307620 10e48fe00  Options.sst_partitioner_factory: None
2021/11/25-16:07:51.307621 10e48fe00         Options.memtable_factory: SkipListFactory
2021/11/25-16:07:51.307621 10e48fe00            Options.table_factory: BlockBasedTable
2021/11/25-16:07:51.307630 10e48fe00            table_factory options:   flush_block_policy_factory: FlushBlockBySizePolicyFactory (0x7fc511e13260)
  cache_index_and_filter_blocks: 0
  cache_index_and_filter_blocks_with_high_priority: 1
  pin_l0_filter_and_index_blocks_in_cache: 0
  pin_top_level_index_and_filter: 1
  index_type: 0
  data_block_index_type: 0
  index_shortening: 1
  data_block_hash_table_util_ratio: 0.750000
  hash_index_allow_collision: 1
  checksum: 1
  no_block_cache: 0
  block_cache: 0x7fc511e120a8
  block_cache_name: LRUCache
  block_cache_options:
    capacity : 8388608
    num_shard_bits : 4
    strict_capacity_limit : 0
    memory_allocator : None
    high_pri_pool_ratio: 0.000
  block_cache_compressed: 0x0
  persistent_cache: 0x0
  block_size: 4096
  block_size_deviation: 10
  block_restart_interval: 16
  index_block_restart_interval: 1
  metadata_block_size: 4096
  partition_filters: 0
  use_delta_encoding: 1
  filter_policy: nullptr
  whole_key_filtering: 1
  verify_compression: 0
  read_amp_bytes_per_bit: 0
  format_version: 4
  enable_index_compression: 1
  block_align: 0
2021/11/25-16:07:51.307649 10e48fe00        Options.write_buffer_size: 268435456
2021/11/25-16:07:51.307650 10e48fe00  Options.max_write_buffer_number: 8
2021/11/25-16:07:51.307651 10e48fe00          Options.compression: NoCompression
2021/11/25-16:07:51.307652 10e48fe00                  Options.bottommost_compression: Disabled
2021/11/25-16:07:51.307653 10e48fe00       Options.prefix_extractor: nullptr
2021/11/25-16:07:51.307654 10e48fe00   Options.memtable_insert_with_hint_prefix_extractor: nullptr
2021/11/25-16:07:51.307655 10e48fe00             Options.num_levels: 7
2021/11/25-16:07:51.307655 10e48fe00        Options.min_write_buffer_number_to_merge: 1
2021/11/25-16:07:51.307656 10e48fe00     Options.max_write_buffer_number_to_maintain: 0
2021/11/25-16:07:51.307657 10e48fe00     Options.max_write_buffer_size_to_maintain: 0
2021/11/25-16:07:51.307658 10e48fe00            Options.bottommost_compression_opts.window_bits: -14
2021/11/25-16:07:51.307659 10e48fe00                  Options.bottommost_compression_opts.level: 32767
2021/11/25-16:07:51.307660 10e48fe00               Options.bottommost_compression_opts.strategy: 0
2021/11/25-16:07:51.307661 10e48fe00         Options.bottommost_compression_opts.max_dict_bytes: 0
2021/11/25-16:07:51.307662 10e48fe00         Options.bottommost_compression_opts.zstd_max_train_bytes: 0
2021/11/25-16:07:51.307662 10e48fe00         Options.bottommost_compression_opts.parallel_threads: 1
2021/11/25-16:07:51.307663 10e48fe00                  Options.bottommost_compression_opts.enabled: false
2021/11/25-16:07:51.307664 10e48fe00            Options.compression_opts.window_bits: -14
2021/11/25-16:07:51.307665 10e48fe00                  Options.compression_opts.level: 32767
2021/11/25-16:07:51.307666 10e48fe00               Options.compression_opts.strategy: 0
2021/11/25-16:07:51.307667 10e48fe00         Options.compression_opts.max_dict_bytes: 0
2021/11/25-16:07:51.307668 10e48fe00         Options.compression_opts.zstd_max_train_bytes: 0
2021/11/25-16:07:51.307669 10e48fe00         Options.compression_opts.parallel_threads: 1
2021/11/25-16:07:51.307670 10e48fe00                  Options.compression_opts.enabled: false
2021/11/25-16:07:51.307670 10e48fe00      Options.level0_file_num_compaction_trigger: 4
2021/11/25-16:07:51.307671 10e48fe00          Options.level0_slowdown_writes_trigger: 20
2021/11/25-16:07:51.307672 10e48fe00              Options.level0_stop_writes_trigger: 36
2021/11/25-16:07:51.307673 10e48fe00                   Options.target_file_size_base: 107374182
2021/11/25-16:07:51.307674 10e48fe00             Options.target_file_size_multiplier: 1
2021/11/25-16:07:51.307675 10e48fe00                Options.max_bytes_for_level_base: 1073741824
